1, 	0.000230, 	15.009999, 	-898.913789, 	2.920000
2, 	0.000230, 	17.080000, 	-906.719697, 	3.630000
3, 	0.000229, 	18.959999, 	-920.085694, 	4.680000
4, 	0.000228, 	20.859999, 	-935.674292, 	6.140000
5, 	0.000228, 	23.260000, 	-952.833253, 	8.380000
6, 	0.000227, 	26.740000, 	-975.219520, 	11.150000
7, 	0.000226, 	30.660000, 	-988.953355, 	14.000000
8, 	0.000226, 	35.290001, 	-1004.246738, 	16.090000
9, 	0.000225, 	39.559998, 	-1022.545226, 	17.619999
10, 	0.000224, 	42.570000, 	-1058.287310, 	18.980000
11, 	0.000224, 	44.820000, 	-1096.604177, 	20.279999
12, 	0.000223, 	46.680000, 	-1137.243666, 	21.529999
13, 	0.000222, 	48.129997, 	-1178.734472, 	23.019999
14, 	0.000221, 	49.579998, 	-1216.583172, 	23.830000
15, 	0.000220, 	51.049999, 	-1255.991932, 	24.660000
16, 	0.000218, 	52.609997, 	-1297.900871, 	25.299999
17, 	0.000217, 	54.039997, 	-1339.875306, 	25.539999
18, 	0.000216, 	55.349998, 	-1384.387072, 	25.679998
19, 	0.000214, 	56.669998, 	-1430.976763, 	25.580000
20, 	0.000213, 	57.989998, 	-1475.860747, 	25.209999
21, 	0.000211, 	59.919998, 	-1503.310934, 	24.490000
22, 	0.000208, 	61.189999, 	-1538.120651, 	24.039999
23, 	0.000206, 	62.549999, 	-1573.895350, 	23.590000
24, 	0.000204, 	63.750000, 	-1616.249219, 	23.090000
25, 	0.000201, 	64.839996, 	-1655.971424, 	22.379999
26, 	0.000197, 	65.650002, 	-1710.626306, 	22.000000
27, 	0.000194, 	66.639999, 	-1771.052354, 	21.519999
28, 	0.000190, 	67.459999, 	-1771.375037, 	20.660000
29, 	0.000186, 	68.360001, 	-1674.077583, 	19.660000
30, 	0.000181, 	68.919998, 	-1606.110153, 	18.850000
31, 	0.000176, 	69.549995, 	-1470.798485, 	18.010000
32, 	0.000170, 	70.290001, 	-1216.980250, 	16.869999
33, 	0.000164, 	70.779999, 	-990.445896, 	15.900000
